11
0.0604125 0.423659 -0.597335 1.57124 0.229493 2.06683 -0.425631 -0.0100139 -0.343506 1.00226 0.879402 1.75434 
0.0414215 0.115318 -0.163986 1.70525 0.0435003 1.91914 -0.141205 -0.0505198 -0.073415 0.908545 0.287418 1.76039 
-0.00597867 -0.086515 0.123547 1.84592 -0.0719411 1.88798 0.0804854 0.0828386 0.0354178 0.732036 -0.233924 1.82533 
-0.0192771 -0.241544 0.36054 1.97417 -0.113214 1.93898 0.124846 0.291515 0.0491449 0.476592 -0.560217 1.93129 
0.00865418 -0.390743 0.57609 2.07241 -0.111533 1.9986 0.0690697 0.504895 -0.0182225 0.232827 -0.741261 2.02191 
0.0362209 -0.546845 0.769062 2.13207 -0.0940479 2.02782 0.0167631 0.707859 -0.173597 0.0842094 -0.808048 2.06829 
0.0434095 -0.716476 0.943066 2.16123 -0.0802879 2.02836 0.000588025 0.888002 -0.376809 0.0360563 -0.782344 2.078 
0.0372095 -0.897099 1.106 2.1728 -0.0685451 2.01871 0.00177594 1.04966 -0.594052 0.0342173 -0.703311 2.07316 
-0.159069 -0.695155 0.738711 1.78954 0.166292 2.0297 0.0642977 0.700323 -0.649496 0.812953 -0.084125 1.64822 
-0.202535 -0.348342 0.302087 1.34023 0.595564 2.04893 -0.174877 0.559772 -0.556583 1.74586 0.559787 1.15971 
-0.271174 0.00335073 -0.0984694 0.80519 1.02035 2.08192 -0.146677 0.671443 -0.173741 2.5393 1.25247 0.672559 
