209
0.0604125 0.423659 -0.597335 1.57124 0.229493 2.06683 -0.425631 -0.0100139 -0.343506 1.00226 0.879402 1.75434 
0.0600632 0.412878 -0.582164 1.57506 0.223754 2.06223 -0.417469 -0.0134913 -0.334471 0.998406 0.863052 1.75454 
0.0597121 0.402156 -0.567082 1.57891 0.21801 2.05763 -0.409255 -0.0168341 -0.325454 0.994611 0.846565 1.75474 
0.0593578 0.391495 -0.552092 1.58278 0.212261 2.05301 -0.400991 -0.0200421 -0.316457 0.990871 0.82994 1.75493 
0.058999 0.380895 -0.537194 1.58668 0.206507 2.04839 -0.392676 -0.0231145 -0.30748 0.987186 0.813177 1.75511 
0.0586342 0.370357 -0.52239 1.59059 0.200748 2.04376 -0.384311 -0.0260519 -0.298526 0.983558 0.796278 1.75529 
0.0582622 0.359883 -0.507681 1.59453 0.194983 2.03913 -0.375896 -0.0288528 -0.289597 0.979986 0.779241 1.75546 
0.0578813 0.349474 -0.493069 1.59849 0.189214 2.03449 -0.367433 -0.0315172 -0.280695 0.976473 0.762066 1.75562 
0.0574903 0.339132 -0.478555 1.60247 0.18344 2.02985 -0.358922 -0.0340442 -0.271821 0.973018 0.744752 1.75579 
0.0570884 0.328856 -0.46414 1.60648 0.17766 2.0252 -0.350363 -0.0364326 -0.262978 0.969622 0.727302 1.75595 
0.0566734 0.31865 -0.449826 1.61051 0.171876 2.02056 -0.341756 -0.0386822 -0.254168 0.966285 0.709712 1.75611 
0.0562441 0.308514 -0.435614 1.61456 0.166086 2.01591 -0.333103 -0.0407924 -0.245392 0.963009 0.691985 1.75626 
0.0557988 0.29845 -0.421507 1.61863 0.160293 2.01126 -0.324403 -0.042762 -0.236652 0.959793 0.674118 1.75642 
0.0553363 0.288459 -0.407505 1.62273 0.154494 2.00661 -0.315657 -0.0445906 -0.227952 0.956638 0.656113 1.75657 
0.0548551 0.278545 -0.393611 1.62686 0.148691 2.00196 -0.306865 -0.0462766 -0.219292 0.953545 0.637968 1.75673 
0.0543537 0.268707 -0.379826 1.631 0.142883 1.99731 -0.298028 -0.0478192 -0.210676 0.950513 0.619685 1.75689 
0.0538306 0.258949 -0.366152 1.63517 0.137072 1.99267 -0.289145 -0.0492171 -0.202105 0.947543 0.601261 1.75704 
0.0532908 0.249266 -0.352585 1.63937 0.131247 1.98802 -0.280221 -0.0504628 -0.193587 0.944638 0.582698 1.7572 
0.0527265 0.239666 -0.339132 1.64359 0.125418 1.98338 -0.271252 -0.0515611 -0.185121 0.941795 0.563996 1.75736 
0.0521361 0.230152 -0.325796 1.64783 0.119585 1.97874 -0.26224 -0.0525108 -0.176707 0.939015 0.545153 1.75753 
0.0515181 0.220725 -0.312578 1.6521 0.113748 1.9741 -0.253183 -0.0533101 -0.168348 0.936297 0.526169 1.7577 
0.0508712 0.211387 -0.299481 1.6564 0.107908 1.96947 -0.244083 -0.0539578 -0.160048 0.933643 0.507046 1.75787 
0.0501937 0.202141 -0.286507 1.66071 0.102065 1.96485 -0.234939 -0.0544519 -0.151808 0.931052 0.487782 1.75805 
0.0494843 0.19299 -0.273657 1.66506 0.096218 1.96023 -0.225752 -0.0547908 -0.143633 0.928523 0.468377 1.75824 
0.0487413 0.183935 -0.260934 1.66942 0.0903688 1.95562 -0.216523 -0.0549726 -0.135523 0.926057 0.448832 1.75844 
0.0479643 0.17498 -0.248339 1.67381 0.0845155 1.95102 -0.207252 -0.0549947 -0.127484 0.923653 0.429146 1.75864 
0.0471508 0.166126 -0.235875 1.67823 0.07866 1.94643 -0.197939 -0.0548559 -0.119517 0.921312 0.409319 1.75885 
0.0462994 0.157378 -0.223545 1.68267 0.0728026 1.94185 -0.188584 -0.054554 -0.111626 0.919033 0.389352 1.75908 
0.0454085 0.148738 -0.211352 1.68714 0.0669438 1.93728 -0.179188 -0.0540868 -0.103813 0.916815 0.369244 1.75931 
0.0444767 0.140209 -0.199296 1.69163 0.0610835 1.93272 -0.169752 -0.0534522 -0.0960827 0.914658 0.348997 1.75956 
0.0435026 0.131793 -0.187382 1.69614 0.0552225 1.92818 -0.160276 -0.0526478 -0.0884372 0.912561 0.32861 1.75982 
0.0424847 0.123496 -0.175611 1.70068 0.0493613 1.92365 -0.15076 -0.0516711 -0.0808801 0.910524 0.308083 1.7601 
0.0414215 0.115318 -0.163986 1.70525 0.0435003 1.91914 -0.141205 -0.0505198 -0.073415 0.908545 0.287418 1.76039 
0.0389034 0.100714 -0.144664 1.71354 0.0356135 1.91669 -0.125648 -0.0455997 -0.0666485 0.897014 0.256531 1.76395 
0.0363244 0.0863259 -0.125514 1.72189 0.0277977 1.9143 -0.110264 -0.0402498 -0.0598482 0.885538 0.225415 1.76756 
0.0336835 0.0721627 -0.106535 1.7303 0.0200562 1.91196 -0.0950653 -0.0344652 -0.0530188 0.874121 0.194069 1.77123 
0.0309799 0.0582338 -0.0877302 1.73878 0.0123927 1.90969 -0.080063 -0.0282412 -0.0461657 0.862765 0.162493 1.77497 
0.0282137 0.0445489 -0.0690998 1.74733 0.00480992 1.90748 -0.0652688 -0.0215723 -0.0392941 0.851472 0.130687 1.77876 
0.0253846 0.0311188 -0.0506464 1.75595 -0.002687 1.90534 -0.0506943 -0.0144532 -0.0324102 0.840245 0.0986525 1.78263 
0.0224932 0.0179547 -0.0323724 1.76463 -0.0100939 1.90327 -0.0363504 -0.00687782 -0.0255204 0.829086 0.0663904 1.78656 
0.0195404 0.00506783 -0.0142799 1.77338 -0.0174061 1.90126 -0.0222491 0.00115936 -0.0186318 0.817997 0.0339019 1.79056 
0.0165324 -0.00753105 0.00362958 1.7822 -0.0246287 1.89933 -0.00840123 0.00966561 -0.0117501 0.80698 0.00118153 1.79464 
0.0134663 -0.0198281 0.0213517 1.7911 -0.0317467 1.89748 0.00518136 0.018646 -0.0048852 0.796038 -0.0317616 1.79879 
0.0103446 -0.03181 0.038883 1.80006 -0.0387546 1.8957 0.0184879 0.0281074 0.00195412 0.785171 -0.0649251 1.80301 
0.00716993 -0.0434637 0.0562202 1.8091 -0.0456468 1.89399 0.0315068 0.0380554 0.0087585 0.774383 -0.0983057 1.80732 
0.0039465 -0.0547755 0.0733595 1.8182 -0.0524188 1.89237 0.044227 0.0484966 0.0155183 0.763675 -0.131901 1.8117 
0.00067746 -0.065731 0.0902969 1.82737 -0.0590628 1.89083 0.0566373 0.0594367 0.0222224 0.753047 -0.165706 1.81616 
-0.00263252 -0.0763157 0.107028 1.83661 -0.0655725 1.88936 0.0687272 0.0708823 0.0288596 0.7425 -0.199715 1.82071 
-0.00597867 -0.086515 0.123547 1.84592 -0.0719411 1.88798 0.0804854 0.0828386 0.0354178 0.732036 -0.233924 1.82533 
-0.00736755 -0.097118 0.13825 1.85391 -0.0755289 1.89119 0.0857346 0.0945872 0.0357338 0.715543 -0.253745 1.83198 
-0.00870115 -0.107628 0.15299 1.86192 -0.0789996 1.89441 0.0906588 0.106507 0.0361714 0.699117 -0.273637 1.83863 
-0.00997519 -0.118039 0.167764 1.86995 -0.0823492 1.89763 0.0952559 0.118599 0.0367212 0.682759 -0.293601 1.84529 
-0.0111856 -0.128347 0.182567 1.87798 -0.0855741 1.90086 0.0995236 0.130862 0.0373736 0.666471 -0.313638 1.85195 
-0.012328 -0.138544 0.197394 1.88602 -0.0886708 1.90409 0.103461 0.143297 0.0381186 0.650254 -0.33375 1.85862 
-0.0133986 -0.148626 0.212241 1.89406 -0.0916351 1.90732 0.107066 0.155904 0.0389457 0.634109 -0.353938 1.86528 
-0.014393 -0.158585 0.227103 1.90211 -0.0944632 1.91054 0.110338 0.168682 0.0398438 0.618035 -0.374204 1.87194 
-0.0153074 -0.168415 0.241974 1.91016 -0.0971514 1.91376 0.113277 0.181632 0.0408017 0.602034 -0.394547 1.87859 
-0.0161359 -0.178109 0.256848 1.9182 -0.0997009 1.91697 0.115884 0.194756 0.0418092 0.58611 -0.414975 1.88524 
-0.0168766 -0.187661 0.27172 1.92624 -0.102103 1.92017 0.118158 0.208052 0.0428528 0.570257 -0.435483 1.89187 
-0.0175258 -0.197062 0.286584 1.93427 -0.104354 1.92335 0.120098 0.221523 0.0439198 0.554475 -0.45607 1.89849 
-0.0180799 -0.206306 0.301432 1.94229 -0.10645 1.92652 0.121707 0.235168 0.0449975 0.538764 -0.476738 1.90509 
-0.018535 -0.215385 0.31626 1.95029 -0.108388 1.92967 0.122985 0.248989 0.0460728 0.523122 -0.497488 1.91168 
-0.0188884 -0.224289 0.331058 1.95827 -0.110163 1.9328 0.123933 0.262986 0.0471319 0.507547 -0.518318 1.91824 
-0.0191366 -0.233012 0.345821 1.96623 -0.111773 1.9359 0.124552 0.277161 0.0481608 0.492038 -0.539228 1.92478 
-0.0192771 -0.241544 0.36054 1.97417 -0.113214 1.93898 0.124846 0.291515 0.0491449 0.476592 -0.560217 1.93129 
-0.0181229 -0.25158 0.37425 1.98054 -0.11387 1.94293 0.122471 0.304415 0.0453995 0.461204 -0.571177 1.93718 
-0.0168935 -0.261544 0.387947 1.98688 -0.114432 1.94686 0.119941 0.317366 0.0416245 0.445842 -0.582186 1.94305 
-0.0155879 -0.271433 0.401626 1.9932 -0.114899 1.95076 0.117258 0.33037 0.0378136 0.430505 -0.593242 1.94888 
-0.0142051 -0.281241 0.415284 1.99949 -0.115269 1.95463 0.114423 0.343429 0.0339602 0.415191 -0.604347 1.95469 
-0.0127438 -0.290964 0.428918 2.00575 -0.11554 1.95848 0.111437 0.356542 0.0300576 0.3999 -0.615501 1.96047 
-0.0112038 -0.300598 0.442524 2.01199 -0.115711 1.96229 0.108302 0.369712 0.0260989 0.38463 -0.626702 1.96622 
-0.0095841 -0.310136 0.456097 2.01819 -0.11578 1.96607 0.105019 0.38294 0.022077 0.36938 -0.637951 1.97194 
-0.00788435 -0.319574 0.469634 2.02436 -0.115745 1.96983 0.101589 0.396227 0.0179846 0.35415 -0.649248 1.97763 
-0.00610097 -0.328906 0.48313 2.0305 -0.115608 1.97355 0.0980136 0.409577 0.0138154 0.338934 -0.660595 1.98329 
-0.00423667 -0.338126 0.496581 2.0366 -0.115363 1.97723 0.0942945 0.422989 0.00956061 0.323735 -0.671988 1.98891 
-0.00229116 -0.347228 0.509984 2.04267 -0.115009 1.98089 0.0904338 0.436467 0.00521227 0.308551 -0.683426 1.9945 
-0.000264567 -0.356207 0.523332 2.04869 -0.114544 1.9845 0.0864328 0.450011 0.000762331 0.293382 -0.694909 2.00006 
0.00184402 -0.365054 0.536622 2.05469 -0.113966 1.98808 0.0822945 0.463624 -0.00379733 0.278225 -0.706436 2.00558 
0.00403347 -0.373764 0.549848 2.06064 -0.113273 1.99163 0.0780196 0.477307 -0.00847548 0.263081 -0.718005 2.01106 
0.00630371 -0.38233 0.563006 2.06654 -0.112462 1.99513 0.0736107 0.491064 -0.0132809 0.247949 -0.729614 2.0165 
0.00865418 -0.390743 0.57609 2.07241 -0.111533 1.9986 0.0690697 0.504895 -0.0182225 0.232827 -0.741261 2.02191 
0.0101837 -0.400986 0.588407 2.07622 -0.110738 2.00049 0.0659036 0.517393 -0.0274429 0.223564 -0.745367 2.02487 
0.0117405 -0.411175 0.600697 2.08002 -0.109908 2.00237 0.0627226 0.529913 -0.0367176 0.214297 -0.749485 2.02782 
0.0133244 -0.421308 0.612958 2.08381 -0.109039 2.00424 0.059527 0.542454 -0.0460487 0.205027 -0.753614 2.03076 
0.014935 -0.431384 0.625188 2.08758 -0.108133 2.00611 0.056317 0.555018 -0.0554385 0.195754 -0.757754 2.0337 
0.0165723 -0.4414 0.637387 2.09135 -0.107189 2.00796 0.0530929 0.567605 -0.0648892 0.186477 -0.761904 2.03663 
0.0182357 -0.451353 0.649554 2.09511 -0.106205 2.00981 0.0498548 0.580217 -0.0744031 0.177197 -0.766064 2.03955 
0.019925 -0.461241 0.661686 2.09885 -0.105181 2.01165 0.0466031 0.592853 -0.0839826 0.167913 -0.770233 2.04246 
0.0216397 -0.471062 0.673783 2.10259 -0.104116 2.01348 0.043338 0.605515 -0.0936304 0.158626 -0.77441 2.04536 
0.0233803 -0.480812 0.685842 2.10631 -0.103011 2.0153 0.0400592 0.618205 -0.103348 0.149334 -0.778597 2.04826 
0.0251455 -0.490489 0.697862 2.11003 -0.101864 2.01712 0.0367674 0.630923 -0.11314 0.140039 -0.782792 2.05114 
0.0269348 -0.50009 0.709841 2.11373 -0.100674 2.01892 0.0334631 0.643669 -0.123008 0.130741 -0.786992 2.05402 
0.0287474 -0.509612 0.721778 2.11742 -0.0994396 2.02072 0.0301464 0.656444 -0.132955 0.12144 -0.791197 2.05689 
0.0305832 -0.519051 0.733671 2.1211 -0.0981609 2.02251 0.0268178 0.66925 -0.142984 0.112136 -0.795407 2.05975 
0.0324412 -0.528406 0.745517 2.12477 -0.0968367 2.02429 0.0234774 0.682087 -0.153099 0.102829 -0.79962 2.06261 
0.0343207 -0.537672 0.757315 2.12843 -0.095466 2.02606 0.0201257 0.694956 -0.163302 0.0935202 -0.803834 2.06545 
0.0362209 -0.546845 0.769062 2.13207 -0.0940479 2.02782 0.0167631 0.707859 -0.173597 0.0842094 -0.808048 2.06829 
0.037137 -0.568365 0.791034 2.1357 -0.0924307 2.02786 0.0146238 0.730211 -0.198704 0.0782258 -0.804881 2.06947 
0.0380517 -0.589804 0.812949 2.13934 -0.0907863 2.0279 0.0125194 0.752607 -0.223886 0.0722316 -0.801705 2.07066 
0.0389634 -0.61116 0.834804 2.14297 -0.0891139 2.02796 0.0104492 0.775049 -0.249147 0.0662272 -0.798517 2.07186 
0.0398702 -0.632426 0.856596 2.14662 -0.0874123 2.02802 0.00841243 0.797539 -0.274492 0.0602126 -0.795316 2.07307 
0.0407704 -0.653598 0.878322 2.15026 -0.0856804 2.02809 0.00640852 0.820077 -0.299924 0.054188 -0.792101 2.07429 
0.0416619 -0.674668 0.899979 2.15391 -0.0839168 2.02817 0.00443688 0.842666 -0.32545 0.0481536 -0.788869 2.07552 
0.0425424 -0.69563 0.921562 2.15757 -0.0821199 2.02826 0.0024969 0.865307 -0.351077 0.0421096 -0.785618 2.07676 
0.0434095 -0.716476 0.943066 2.16123 -0.0802879 2.02836 0.000588025 0.888002 -0.376809 0.0360563 -0.782344 2.078 
0.042685 -0.739129 0.963581 2.16267 -0.0788589 2.02714 0.00076279 0.908083 -0.403903 0.0358244 -0.772509 2.07739 
0.0419457 -0.761761 0.984052 2.16412 -0.0774187 2.02593 0.00092987 0.928201 -0.431014 0.0355931 -0.762662 2.07678 
0.0411918 -0.784373 1.00448 2.16556 -0.0759673 2.02472 0.00108934 0.948357 -0.458143 0.0353623 -0.752803 2.07617 
0.0404236 -0.806963 1.02487 2.16701 -0.0745049 2.02351 0.00124127 0.968548 -0.485288 0.0351321 -0.74293 2.07556 
0.0396411 -0.829531 1.04521 2.16846 -0.0730315 2.0223 0.00138579 0.988774 -0.512451 0.0349026 -0.733045 2.07496 
0.0388445 -0.852077 1.06551 2.16991 -0.0715472 2.0211 0.00152298 1.00904 -0.539633 0.0346736 -0.723147 2.07436 
0.038034 -0.8746 1.08578 2.17135 -0.0700517 2.0199 0.00165298 1.02933 -0.566833 0.0344452 -0.713236 2.07376 
0.0372095 -0.897099 1.106 2.1728 -0.0685451 2.01871 0.00177594 1.04966 -0.594052 0.0342173 -0.703311 2.07316 
0.0281581 -0.898183 1.0989 2.16138 -0.0659094 2.01956 0.00963739 1.03451 -0.589841 0.058238 -0.682751 2.06039 
0.0192033 -0.898403 1.09122 2.14987 -0.0628051 2.02035 0.0171555 1.01966 -0.586471 0.0823076 -0.662035 2.04756 
0.0103664 -0.897797 1.08301 2.13826 -0.0592496 2.02107 0.0243141 1.00514 -0.583898 0.106411 -0.641217 2.03466 
0.00166351 -0.89641 1.0743 2.12658 -0.0552587 2.02173 0.0311004 0.990939 -0.582075 0.13054 -0.620342 2.0217 
-0.00687799 -0.894277 1.06512 2.11483 -0.0508631 2.02234 0.0374997 0.977067 -0.580939 0.154674 -0.599469 2.00868 
-0.0152564 -0.891459 1.05552 2.10302 -0.0460688 2.0229 0.0435087 0.963524 -0.58045 0.178821 -0.578618 1.99562 
-0.023459 -0.888001 1.04554 2.09114 -0.0408953 2.02341 0.0491217 0.950306 -0.580553 0.202977 -0.55782 1.9825 
-0.0314773 -0.883952 1.0352 2.0792 -0.0353586 2.02387 0.0543346 0.937408 -0.581196 0.227142 -0.537099 1.96934 
-0.0392365 -0.879314 1.0245 2.06726 -0.0295599 2.02431 0.0591277 0.924809 -0.582262 0.251251 -0.516571 1.95616 
-0.0467983 -0.874178 1.01351 2.05526 -0.0234332 2.02471 0.06352 0.91251 -0.583762 0.275372 -0.496155 1.94293 
-0.0541571 -0.868584 1.00226 2.04323 -0.0169942 2.02507 0.0675116 0.900502 -0.585648 0.299505 -0.475866 1.92967 
-0.0613104 -0.862574 0.990784 2.03116 -0.010256 2.0254 0.0711029 0.888772 -0.587875 0.323655 -0.45571 1.91638 
-0.0682505 -0.85618 0.979093 2.01907 -0.00323887 2.0257 0.0742946 0.877313 -0.590395 0.347822 -0.435701 1.90305 
-0.0749816 -0.84944 0.967214 2.00694 0.00405267 2.02597 0.0770895 0.866112 -0.593172 0.372014 -0.415836 1.8897 
-0.0815028 -0.842385 0.95517 1.99479 0.0116069 2.02621 0.0794901 0.855161 -0.596165 0.396235 -0.396116 1.87633 
-0.0878151 -0.835045 0.942978 1.98262 0.0194144 2.02644 0.0814991 0.844452 -0.59934 0.420488 -0.376541 1.86293 
-0.0936737 -0.827403 0.930598 1.97058 0.0271001 2.02666 0.0830985 0.833963 -0.602505 0.444649 -0.357382 1.84953 
-0.0993283 -0.819535 0.918113 1.95853 0.035017 2.02686 0.0843194 0.823691 -0.60578 0.46885 -0.338361 1.8361 
-0.104781 -0.811462 0.905537 1.94647 0.0431567 2.02705 0.0851654 0.81363 -0.609134 0.493094 -0.319473 1.82267 
-0.110035 -0.803205 0.892883 1.93439 0.0515126 2.02723 0.08564 0.803774 -0.61254 0.517384 -0.300715 1.80923 
-0.115092 -0.794782 0.880164 1.92231 0.0600747 2.0274 0.0857486 0.794118 -0.615971 0.541722 -0.282085 1.79578 
-0.119958 -0.786211 0.867391 1.91023 0.0688397 2.02757 0.0854944 0.784657 -0.619404 0.566111 -0.263576 1.78233 
-0.124636 -0.777507 0.854577 1.89814 0.0778012 2.02774 0.0848829 0.775389 -0.622816 0.590552 -0.245183 1.76887 
-0.129132 -0.768684 0.841729 1.88606 0.0869538 2.02792 0.0839191 0.766309 -0.626187 0.615046 -0.2269 1.75542 
-0.133441 -0.759756 0.828859 1.87397 0.0962757 2.02809 0.08261 0.757417 -0.629491 0.639598 -0.208737 1.74197 
-0.137577 -0.750735 0.815973 1.8619 0.105778 2.02827 0.0809603 0.74871 -0.632716 0.664204 -0.190674 1.72853 
-0.141546 -0.741629 0.80308 1.84982 0.115455 2.02847 0.0789765 0.740187 -0.635843 0.688865 -0.172706 1.7151 
-0.145352 -0.73245 0.790186 1.83775 0.125302 2.02868 0.0766644 0.731847 -0.638857 0.71358 -0.154828 1.70169 
-0.149002 -0.723206 0.777296 1.82569 0.135313 2.0289 0.0740339 0.72369 -0.641742 0.738347 -0.137037 1.68829 
-0.152501 -0.713904 0.764418 1.81363 0.145485 2.02914 0.07109 0.715716 -0.644486 0.763167 -0.119326 1.67491 
-0.155854 -0.704551 0.751555 1.80158 0.155813 2.02941 0.0678418 0.707927 -0.647074 0.788036 -0.10169 1.66155 
-0.159069 -0.695155 0.738711 1.78954 0.166292 2.0297 0.0642977 0.700323 -0.649496 0.812953 -0.084125 1.64822 
-0.161936 -0.684342 0.723877 1.7759 0.177678 2.02977 0.0597136 0.691714 -0.652013 0.842272 -0.0639916 1.63242 
-0.164629 -0.673494 0.709107 1.76227 0.189258 2.02987 0.0547489 0.683346 -0.654254 0.871649 -0.0439294 1.61666 
-0.167158 -0.662615 0.694407 1.74863 0.201027 2.03001 0.0494192 0.675221 -0.656204 0.901079 -0.0239312 1.60093 
-0.169532 -0.651714 0.679779 1.735 0.212976 2.0302 0.0437406 0.667345 -0.657849 0.930558 -0.00398968 1.58525 
-0.171762 -0.640795 0.665227 1.72137 0.225099 2.03042 0.0377305 0.659719 -0.659179 0.960079 0.0159009 1.5696 
-0.173855 -0.629864 0.650755 1.70773 0.237388 2.03068 0.0314059 0.652347 -0.660182 0.989636 0.0357489 1.554 
-0.17582 -0.618924 0.636362 1.69409 0.249839 2.03099 0.0247857 0.645235 -0.66085 1.01922 0.0555614 1.53844 
-0.177667 -0.607979 0.622052 1.68045 0.262443 2.03134 0.0178883 0.638384 -0.661174 1.04883 0.0753454 1.52292 
-0.179405 -0.597031 0.607822 1.66679 0.275194 2.03173 0.0107375 0.631797 -0.661142 1.07846 0.0950994 1.50745 
-0.181041 -0.586084 0.593676 1.65312 0.288087 2.03217 0.00334899 0.625479 -0.660753 1.10809 0.114839 1.49202 
-0.18258 -0.575142 0.579614 1.63943 0.301113 2.03265 -0.00425648 0.619435 -0.660002 1.13773 0.134572 1.47663 
-0.18403 -0.564206 0.565635 1.62573 0.314268 2.03317 -0.0120592 0.613669 -0.658884 1.16736 0.154304 1.46128 
-0.185398 -0.553279 0.551739 1.612 0.327545 2.03373 -0.0200351 0.608182 -0.657395 1.19697 0.174043 1.44598 
-0.18669 -0.542363 0.537925 1.59824 0.340938 2.03432 -0.0281656 0.602979 -0.655532 1.22657 0.193797 1.43071 
-0.187911 -0.53146 0.524194 1.58445 0.354442 2.03496 -0.036428 0.598063 -0.653293 1.25613 0.213572 1.41547 
-0.189066 -0.52057 0.510543 1.57062 0.368049 2.03562 -0.0448001 0.593438 -0.650674 1.28566 0.233377 1.40027 
-0.190184 -0.509673 0.496953 1.55675 0.381768 2.03632 -0.0532407 0.589077 -0.64764 1.31514 0.25319 1.3851 
-0.191246 -0.498791 0.483442 1.54284 0.39558 2.03704 -0.0617461 0.58501 -0.644224 1.34456 0.273046 1.36996 
-0.192257 -0.487928 0.470009 1.52888 0.409478 2.0378 -0.0702941 0.58124 -0.640426 1.37393 0.292955 1.35484 
-0.193222 -0.477083 0.456654 1.51486 0.423459 2.03857 -0.0788617 0.577769 -0.636244 1.40322 0.312924 1.33975 
-0.194145 -0.466256 0.443376 1.50078 0.437516 2.03937 -0.0874262 0.574598 -0.631679 1.43243 0.332959 1.32468 
-0.195029 -0.455449 0.430173 1.48663 0.451643 2.04019 -0.0959646 0.57173 -0.626732 1.46155 0.35307 1.30963 
-0.195879 -0.444661 0.417046 1.4724 0.465836 2.04102 -0.104454 0.569165 -0.621403 1.49058 0.373262 1.2946 
-0.196697 -0.433892 0.403992 1.4581 0.480089 2.04187 -0.112872 0.566904 -0.615692 1.51949 0.393543 1.27958 
-0.197488 -0.42314 0.391009 1.44372 0.494398 2.04273 -0.121195 0.564945 -0.609599 1.54829 0.413922 1.26458 
-0.198255 -0.412406 0.378099 1.42924 0.508755 2.0436 -0.1294 0.563293 -0.603129 1.57697 0.434403 1.24958 
-0.199002 -0.40169 0.365259 1.41467 0.523154 2.04448 -0.137464 0.561945 -0.596285 1.60551 0.454994 1.23459 
-0.19973 -0.390992 0.35249 1.4 0.53759 2.04537 -0.145364 0.560903 -0.589069 1.63391 0.4757 1.21961 
-0.200444 -0.380309 0.339789 1.38523 0.552055 2.04625 -0.153078 0.560166 -0.581486 1.66215 0.496527 1.20463 
-0.201147 -0.369641 0.327156 1.37034 0.566544 2.04715 -0.160582 0.559733 -0.573541 1.69023 0.517481 1.18965 
-0.201843 -0.358986 0.31459 1.35535 0.58105 2.04804 -0.167856 0.559602 -0.565238 1.71814 0.538567 1.17468 
-0.202535 -0.348342 0.302087 1.34023 0.595564 2.04893 -0.174877 0.559772 -0.556583 1.74586 0.559787 1.15971 
-0.204329 -0.337897 0.289579 1.3249 0.610554 2.04993 -0.180543 0.559868 -0.547324 1.77369 0.579404 1.14445 
-0.206117 -0.327473 0.277107 1.30947 0.625534 2.05092 -0.185918 0.560234 -0.537763 1.80134 0.59916 1.12919 
-0.207904 -0.317064 0.264668 1.29392 0.640496 2.05191 -0.190985 0.560868 -0.527907 1.8288 0.619056 1.11392 
-0.209692 -0.306669 0.252262 1.27827 0.655432 2.05289 -0.195725 0.561766 -0.517766 1.85607 0.639094 1.09865 
-0.211485 -0.296283 0.239885 1.2625 0.670335 2.05387 -0.200119 0.562924 -0.507348 1.88315 0.659278 1.08337 
-0.213285 -0.285903 0.227535 1.24662 0.685194 2.05484 -0.204151 0.564339 -0.496665 1.91003 0.679606 1.06809 
-0.215095 -0.275524 0.215208 1.23062 0.700002 2.05581 -0.207805 0.566006 -0.485728 1.93671 0.70008 1.05281 
-0.216918 -0.265142 0.202902 1.21451 0.714748 2.05677 -0.211064 0.567919 -0.474548 1.96317 0.7207 1.03751 
-0.218762 -0.25475 0.190613 1.19829 0.729428 2.05773 -0.213912 0.570074 -0.463138 1.98943 0.741465 1.02222 
-0.220624 -0.244344 0.178336 1.18197 0.744026 2.05868 -0.216336 0.572465 -0.451512 2.01548 0.762375 1.00692 
-0.222508 -0.233919 0.166069 1.16553 0.758532 2.05964 -0.218326 0.575086 -0.439684 2.04131 0.783428 0.991615 
-0.224416 -0.223468 0.153807 1.14899 0.772933 2.06059 -0.219868 0.577931 -0.427669 2.06692 0.804623 0.976313 
-0.226351 -0.212984 0.141545 1.13235 0.787219 2.06154 -0.22095 0.580992 -0.415481 2.09232 0.825956 0.961011 
-0.228314 -0.202462 0.12928 1.11561 0.801377 2.0625 -0.221564 0.584264 -0.403137 2.11751 0.847427 0.945712 
-0.230308 -0.191893 0.117005 1.09877 0.815395 2.06346 -0.221701 0.587739 -0.390652 2.14248 0.869032 0.930417 
-0.232333 -0.18127 0.104717 1.08185 0.829261 2.06442 -0.221354 0.59141 -0.378044 2.16724 0.890769 0.915127 
-0.234477 -0.170585 0.0924012 1.06487 0.843043 2.06535 -0.220461 0.595281 -0.365341 2.19183 0.912597 0.899805 
-0.236654 -0.15983 0.0800606 1.04782 0.856645 2.06629 -0.219071 0.599333 -0.35255 2.21622 0.934551 0.884491 
-0.238869 -0.148995 0.0676894 1.03069 0.870053 2.06724 -0.217179 0.603561 -0.339688 2.24041 0.956625 0.869189 
-0.24112 -0.138073 0.0552824 1.0135 0.883253 2.06821 -0.214782 0.607956 -0.326772 2.2644 0.978817 0.8539 
-0.24341 -0.127054 0.0428339 0.996255 0.896232 2.06919 -0.211876 0.612512 -0.31382 2.28821 1.00112 0.838627 
-0.245739 -0.115929 0.0303386 0.97896 0.908976 2.07019 -0.208462 0.617222 -0.300849 2.31182 1.02353 0.823372 
-0.248106 -0.104688 0.017791 0.961623 0.921469 2.07121 -0.204538 0.622079 -0.287875 2.33526 1.04605 0.808139 
-0.250511 -0.0933218 0.00518553 0.944254 0.933697 2.07226 -0.200106 0.627076 -0.274917 2.35853 1.06867 0.792931 
-0.25297 -0.0818182 -0.0074876 0.926862 0.94566 2.07332 -0.195156 0.632208 -0.261991 2.38164 1.09137 0.777742 
-0.255467 -0.070169 -0.02023 0.909454 0.957328 2.07442 -0.189702 0.637468 -0.249114 2.40459 1.11417 0.762585 
-0.258 -0.058364 -0.0330474 0.892039 0.968688 2.07555 -0.183747 0.642851 -0.236301 2.42738 1.13704 0.747465 
-0.260569 -0.0463928 -0.0459453 0.874626 0.979724 2.07673 -0.177297 0.648351 -0.22357 2.45003 1.16 0.732384 
-0.263173 -0.0342448 -0.0589301 0.857224 0.990423 2.07795 -0.170356 0.653963 -0.210934 2.47254 1.18303 0.717348 
-0.26581 -0.0219102 -0.0720068 0.839843 1.00077 2.07921 -0.162931 0.659682 -0.198409 2.49492 1.20612 0.702361 
-0.268477 -0.00937881 -0.085181 0.822492 1.01075 2.08054 -0.155029 0.665506 -0.18601 2.51717 1.22927 0.687429 
-0.271174 0.00335073 -0.0984694 0.80519 1.02035 2.08192 -0.146677 0.671443 -0.173741 2.5393 1.25247 0.672559 

