0.00683083 -0.232677 0.472827 0.785552 -0.135358 -2.56756 0.0759244 0.293802 0.141147 0.292994 -0.60055 1.53261 
0.00909515 -0.231914 0.482434 0.76956 -0.150222 -2.54899 0.0800991 0.297779 0.143728 0.309121 -0.607725 1.51848 
0.0113595 -0.231152 0.492041 0.753567 -0.165086 -2.53043 0.0839155 0.301688 0.145906 0.324071 -0.614044 1.50545 
0.0136238 -0.230389 0.501648 0.737574 -0.179949 -2.51187 0.0873676 0.305509 0.147719 0.337892 -0.619509 1.49347 
0.0158881 -0.229626 0.511255 0.721582 -0.194813 -2.4933 0.0904494 0.309225 0.149203 0.350622 -0.624123 1.48247 
0.0181525 -0.228863 0.520862 0.705589 -0.209677 -2.47474 0.0931557 0.312821 0.150392 0.362289 -0.627893 1.47241 
0.0204168 -0.2281 0.530469 0.689596 -0.224541 -2.45617 0.0954813 0.316283 0.151316 0.372912 -0.630827 1.46323 
0.0226811 -0.227337 0.540076 0.673603 -0.239405 -2.43761 0.0974217 0.319604 0.152003 0.382504 -0.632936 1.4549 
0.0249454 -0.226574 0.549683 0.657611 -0.254268 -2.41904 0.0989724 0.322775 0.15248 0.391071 -0.634232 1.44741 
0.0272098 -0.225811 0.55929 0.641618 -0.269132 -2.40048 0.100129 0.325793 0.152769 0.39861 -0.634728 1.44072 
0.0294741 -0.225048 0.568897 0.625625 -0.283996 -2.38192 0.100889 0.328655 0.152889 0.405114 -0.63444 1.43484 
0.0317384 -0.224286 0.578504 0.609633 -0.29886 -2.36335 0.101247 0.331362 0.152858 0.410569 -0.633383 1.42976 
0.0340028 -0.223523 0.588111 0.59364 -0.313724 -2.34479 0.101202 0.333917 0.152691 0.414958 -0.631577 1.42548 
0.0362671 -0.22276 0.597719 0.577647 -0.328588 -2.32622 0.100749 0.336324 0.152399 0.418254 -0.629039 1.42201 
0.0385314 -0.221997 0.607326 0.561655 -0.343451 -2.30766 0.0998875 0.338592 0.15199 0.420428 -0.62579 1.41936 
0.0407957 -0.221234 0.616933 0.545662 -0.358315 -2.2891 0.0986138 0.340729 0.151472 0.421445 -0.621853 1.41756 
0.0430601 -0.220471 0.62654 0.529669 -0.373179 -2.27053 0.0969265 0.342748 0.150848 0.421262 -0.61725 1.41663 
0.0453244 -0.219708 0.636147 0.513677 -0.388043 -2.25197 0.094824 0.344661 0.150118 0.419833 -0.612007 1.41661 
0.0475887 -0.218945 0.645754 0.497684 -0.402907 -2.2334 0.0923053 0.346486 0.14928 0.417104 -0.60615 1.41754 
0.049853 -0.218183 0.655361 0.481691 -0.41777 -2.21484 0.0893698 0.34824 0.148329 0.413016 -0.599709 1.41947 
0.0521174 -0.21742 0.664968 0.465698 -0.432634 -2.19627 0.0860171 0.349942 0.147259 0.407502 -0.592715 1.42246 
0.0543817 -0.216657 0.674575 0.449706 -0.447498 -2.17771 0.0822475 0.351614 0.146058 0.400489 -0.5852 1.42656 
0.056646 -0.215894 0.684182 0.433713 -0.462362 -2.15915 0.0780621 0.353278 0.144715 0.391898 -0.577202 1.43186 
0.0589104 -0.215131 0.693789 0.41772 -0.477226 -2.14058 0.0734622 0.354961 0.143214 0.381642 -0.568761 1.43842 
0.0611747 -0.214368 0.703396 0.401728 -0.492089 -2.12202 0.06845 0.356688 0.141538 0.369624 -0.559919 1.44634 
0.063439 -0.213605 0.713003 0.385735 -0.506953 -2.10345 0.0630284 0.358487 0.139667 0.355743 -0.550724 1.45571 
0.0657033 -0.212842 0.72261 0.369742 -0.521817 -2.08489 0.0572011 0.360388 0.137578 0.339888 -0.541227 1.46663 
0.0679677 -0.21208 0.732218 0.35375 -0.536681 -2.06633 0.0509726 0.362421 0.135247 0.321943 -0.531485 1.47922 
0.070232 -0.211317 0.741825 0.337757 -0.551545 -2.04776 0.0443483 0.364619 0.132647 0.301785 -0.521559 1.49359 
0.0724963 -0.210554 0.751432 0.321764 -0.566409 -2.0292 0.0373346 0.367014 0.129748 0.279284 -0.511517 1.50988 
0.0747606 -0.209791 0.761039 0.305772 -0.581272 -2.01063 0.0299389 0.369641 0.12652 0.25431 -0.501433 1.52819 
0.077025 -0.209028 0.770646 0.289779 -0.596136 -1.99207 0.0221696 0.372533 0.122929 0.22673 -0.491388 1.54868 
0.0781571 -0.208647 0.775449 0.281783 -0.603568 -1.98279 0.0181479 0.374091 0.120987 0.211923 -0.486406 1.55977 
0.0792893 -0.208265 0.780253 0.273786 -0.611 -1.9735 0.0140366 0.375725 0.118936 0.196418 -0.481461 1.57145 
0.0853306 -0.190643 0.788395 0.273845 -0.647145 -1.96592 0.0115602 0.375207 0.126387 0.196518 -0.478561 1.56823 
0.091372 -0.173021 0.796538 0.273903 -0.68329 -1.95834 0.00890687 0.375475 0.132672 0.196 -0.475162 1.56564 
0.0974133 -0.155398 0.80468 0.273961 -0.719435 -1.95076 0.00607786 0.376517 0.137796 0.194841 -0.471257 1.56369 
0.103455 -0.137776 0.812823 0.27402 -0.75558 -1.94318 0.00307522 0.378318 0.14176 0.193017 -0.46683 1.56238 
0.109496 -0.120154 0.820965 0.274078 -0.791725 -1.9356 -9.84468e-05 0.380861 0.144564 0.190503 -0.461867 1.56173 
0.115537 -0.102532 0.829107 0.274137 -0.82787 -1.92801 -0.00343994 0.384131 0.146207 0.187269 -0.456352 1.56175 
0.121579 -0.0849095 0.83725 0.274195 -0.864015 -1.92043 -0.00694551 0.388114 0.146688 0.183283 -0.450271 1.56248 
0.12762 -0.0672872 0.845392 0.274253 -0.90016 -1.91285 -0.0106108 0.392795 0.146002 0.178506 -0.443608 1.56394 
0.133661 -0.0496649 0.853535 0.274312 -0.936305 -1.90527 -0.014431 0.39816 0.144145 0.172894 -0.436351 1.56616 
0.139703 -0.0320427 0.861677 0.27437 -0.97245 -1.89769 -0.0184008 0.404196 0.141112 0.166394 -0.428484 1.56919 
0.145744 -0.0144204 0.86982 0.274429 -1.00859 -1.89011 -0.0225142 0.410891 0.136896 0.158946 -0.419996 1.57308 
0.151785 0.0032018 0.877962 0.274487 -1.04474 -1.88252 -0.026765 0.418232 0.13149 0.150474 -0.410875 1.5779 
0.157827 0.0208241 0.886104 0.274545 -1.08088 -1.87494 -0.0311464 0.42621 0.124884 0.140892 -0.401109 1.58374 
0.163868 0.0384463 0.894247 0.274604 -1.11703 -1.86736 -0.0356514 0.434815 0.117067 0.130091 -0.39069 1.5907 
0.16991 0.0560686 0.902389 0.274662 -1.15317 -1.85978 -0.0402724 0.444041 0.108027 0.117943 -0.37961 1.59889 
0.175951 0.0736908 0.910532 0.274721 -1.18932 -1.8522 -0.0450015 0.453876 0.0977484 0.104289 -0.367857 1.60849 
0.182106 0.101911 0.904853 0.280054 -1.22165 -1.84532 -0.0477045 0.452543 0.103721 0.105469 -0.363077 1.60287 
0.188261 0.130132 0.899174 0.285387 -1.25398 -1.83844 -0.0504964 0.451988 0.108844 0.106205 -0.358144 1.5979 
0.194416 0.158352 0.893495 0.29072 -1.2863 -1.83157 -0.0533833 0.45222 0.1131 0.106423 -0.353041 1.59365 
0.200571 0.186573 0.887816 0.296053 -1.31863 -1.82469 -0.0563704 0.453244 0.116463 0.106049 -0.347743 1.59017 
0.206725 0.214793 0.882137 0.301386 -1.35096 -1.81781 -0.0594628 0.455063 0.118912 0.105002 -0.342225 1.58754 
0.21288 0.243014 0.876458 0.306719 -1.38329 -1.81094 -0.0626651 0.457682 0.12042 0.103197 -0.33646 1.58583 
0.219035 0.271234 0.870779 0.312052 -1.41562 -1.80406 -0.0659813 0.461104 0.120962 0.100542 -0.330422 1.58512 
0.22519 0.299455 0.8651 0.317384 -1.44794 -1.79718 -0.0694149 0.46533 0.120511 0.0969376 -0.324084 1.5855 
0.231345 0.327675 0.859421 0.322717 -1.48027 -1.79031 -0.0729688 0.470364 0.11904 0.0922716 -0.317419 1.58707 
0.2375 0.355896 0.853742 0.32805 -1.5126 -1.78343 -0.0766453 0.476209 0.116519 0.0864191 -0.310399 1.58994 
0.243655 0.384116 0.848063 0.333383 -1.54493 -1.77655 -0.0804459 0.482865 0.112917 0.0792373 -0.303 1.59424 
0.24981 0.412337 0.842385 0.338716 -1.57726 -1.76968 -0.0843717 0.490337 0.108204 0.070561 -0.295196 1.60013 
0.255965 0.440557 0.836706 0.344049 -1.60959 -1.7628 -0.0884229 0.498626 0.102345 0.0601961 -0.286963 1.60779 
0.26212 0.468778 0.831027 0.349382 -1.64191 -1.75592 -0.0925991 0.507735 0.0953061 0.0479114 -0.278279 1.61744 
0.265197 0.482888 0.828187 0.352049 -1.65808 -1.75248 -0.0947338 0.512599 0.0913324 0.040964 -0.273762 1.62309 
0.268274 0.496998 0.825348 0.354715 -1.67424 -1.74905 -0.0968991 0.51767 0.0870495 0.0334275 -0.269126 1.62934 
0.271352 0.511109 0.822508 0.357382 -1.69041 -1.74561 -0.099095 0.522947 0.0824525 0.025257 -0.264369 1.63624 
0.274429 0.525219 0.819669 0.360048 -1.70657 -1.74217 -0.101321 0.528428 0.0775361 0.0164024 -0.259483 1.64383 
0.271147 0.528862 0.813803 0.351869 -1.7058 -1.74767 -0.104312 0.522366 0.084417 -0.0132297 -0.258313 1.67621 
0.267864 0.532504 0.807938 0.34369 -1.70503 -1.75318 -0.107301 0.51637 0.0911715 -0.0431093 -0.257282 1.70886 
0.264581 0.536147 0.802073 0.335511 -1.70427 -1.75869 -0.110289 0.510446 0.0978015 -0.0732125 -0.2564 1.74174 
0.261299 0.53979 0.796207 0.327332 -1.7035 -1.76419 -0.113276 0.504594 0.104309 -0.103513 -0.255672 1.77485 
0.258016 0.543433 0.790342 0.319153 -1.70273 -1.7697 -0.116259 0.498813 0.110695 -0.133983 -0.255101 1.80814 
0.254733 0.547075 0.784477 0.310974 -1.70196 -1.7752 -0.119241 0.493103 0.116962 -0.16459 -0.254692 1.8416 
0.251451 0.550718 0.778611 0.302794 -1.7012 -1.78071 -0.122219 0.487465 0.123111 -0.195303 -0.254448 1.87518 
0.248168 0.554361 0.772746 0.294615 -1.70043 -1.78622 -0.125193 0.481899 0.129145 -0.226088 -0.254373 1.90885 
0.244885 0.558004 0.766881 0.286436 -1.69966 -1.79172 -0.128164 0.476404 0.135064 -0.256907 -0.254469 1.94259 
0.241602 0.561646 0.761015 0.278257 -1.69889 -1.79723 -0.131131 0.47098 0.14087 -0.287725 -0.254739 1.97634 
0.23832 0.565289 0.75515 0.270078 -1.69813 -1.80273 -0.134094 0.465628 0.146565 -0.318503 -0.255184 2.01008 
0.235037 0.568932 0.749285 0.261899 -1.69736 -1.80824 -0.137051 0.460347 0.15215 -0.349202 -0.255808 2.04377 
0.231754 0.572575 0.743419 0.25372 -1.69659 -1.81375 -0.140003 0.455138 0.157628 -0.379785 -0.25661 2.07736 
0.228472 0.576217 0.737554 0.245541 -1.69582 -1.81925 -0.14295 0.450001 0.162999 -0.410211 -0.257591 2.11082 
0.225189 0.57986 0.731689 0.237361 -1.69506 -1.82476 -0.14589 0.444935 0.168264 -0.440444 -0.258753 2.14412 
0.221906 0.583503 0.725823 0.229182 -1.69429 -1.83026 -0.148824 0.439941 0.173427 -0.470445 -0.260094 2.17721 
0.218624 0.587146 0.719958 0.221003 -1.69352 -1.83577 -0.151751 0.435019 0.178487 -0.500178 -0.261615 2.21006 
0.215341 0.590788 0.714093 0.212824 -1.69275 -1.84127 -0.154671 0.430169 0.183446 -0.529609 -0.263313 2.24264 
0.212058 0.594431 0.708227 0.204645 -1.69198 -1.84678 -0.157583 0.425391 0.188307 -0.558705 -0.265189 2.27491 
0.208776 0.598074 0.702362 0.196466 -1.69122 -1.85229 -0.160487 0.420685 0.193069 -0.587434 -0.267239 2.30684 
0.205493 0.601717 0.696497 0.188287 -1.69045 -1.85779 -0.163383 0.416052 0.197735 -0.615767 -0.269462 2.33841 
0.20221 0.605359 0.690631 0.180107 -1.68968 -1.8633 -0.16627 0.411491 0.202307 -0.643678 -0.271856 2.36958 
0.198928 0.609002 0.684766 0.171928 -1.68891 -1.8688 -0.169148 0.407002 0.206784 -0.671143 -0.274416 2.40033 
0.195645 0.612645 0.678901 0.163749 -1.68815 -1.87431 -0.172016 0.402586 0.21117 -0.698138 -0.277141 2.43065 
0.192362 0.616288 0.673035 0.15557 -1.68738 -1.87982 -0.174874 0.398243 0.215465 -0.724645 -0.280027 2.46051 
0.189079 0.61993 0.66717 0.147391 -1.68661 -1.88532 -0.177721 0.393972 0.219671 -0.750647 -0.283071 2.48989 
0.185797 0.623573 0.661305 0.139212 -1.68584 -1.89083 -0.180558 0.389775 0.223788 -0.776129 -0.286267 2.51878 
0.182514 0.627216 0.655439 0.131033 -1.68508 -1.89633 -0.183384 0.385651 0.227819 -0.80108 -0.289613 2.54718 
0.179231 0.630858 0.649574 0.122854 -1.68431 -1.90184 -0.186198 0.381599 0.231764 -0.825489 -0.293105 2.57506 
0.175949 0.634501 0.643709 0.114674 -1.68354 -1.90735 -0.189 0.377621 0.235626 -0.84935 -0.296737 2.60242 
0.172666 0.638144 0.637843 0.106495 -1.68277 -1.91285 -0.19179 0.373717 0.239405 -0.872656 -0.300506 2.62926 
0.169383 0.641787 0.631978 0.0983162 -1.68201 -1.91836 -0.194567 0.369886 0.243102 -0.895405 -0.304407 2.65558 
0.167847 0.642351 0.631573 0.0997764 -1.68178 -1.91618 -0.190941 0.368084 0.246563 -0.875301 -0.30151 2.63605 
0.166311 0.642915 0.631168 0.101237 -1.68156 -1.914 -0.187301 0.366322 0.249969 -0.854852 -0.298703 2.61619 
0.164774 0.64348 0.630763 0.102697 -1.68134 -1.91182 -0.183647 0.3646 0.253321 -0.834059 -0.295988 2.596 
0.163238 0.644044 0.630357 0.104157 -1.68111 -1.90965 -0.17998 0.362919 0.256619 -0.812925 -0.29337 2.57548 
0.161702 0.644608 0.629952 0.105617 -1.68089 -1.90747 -0.1763 0.361279 0.259862 -0.791454 -0.290849 2.55464 
0.160165 0.645173 0.629547 0.107077 -1.68067 -1.90529 -0.172606 0.359679 0.26305 -0.769648 -0.288431 2.53349 
0.158629 0.645737 0.629142 0.108538 -1.68044 -1.90312 -0.1689 0.358119 0.266185 -0.747514 -0.286116 2.51201 
0.157093 0.646301 0.628737 0.109998 -1.68022 -1.90094 -0.165181 0.356601 0.269265 -0.725059 -0.283909 2.49023 
0.155556 0.646865 0.628332 0.111458 -1.68 -1.89876 -0.161449 0.355124 0.27229 -0.702289 -0.281811 2.46815 
0.15402 0.64743 0.627927 0.112918 -1.67977 -1.89658 -0.157705 0.353687 0.275261 -0.679215 -0.279826 2.44578 
0.152483 0.647994 0.627522 0.114378 -1.67955 -1.89441 -0.153948 0.352292 0.278178 -0.655846 -0.277956 2.42312 
0.150947 0.648558 0.627116 0.115839 -1.67933 -1.89223 -0.15018 0.350938 0.28104 -0.632195 -0.276204 2.4002 
0.149411 0.649123 0.626711 0.117299 -1.6791 -1.89005 -0.146399 0.349626 0.283848 -0.608273 -0.274572 2.37702 
0.147874 0.649687 0.626306 0.118759 -1.67888 -1.88787 -0.142608 0.348355 0.286602 -0.584097 -0.273063 2.35359 
0.146338 0.650251 0.625901 0.120219 -1.67866 -1.8857 -0.138804 0.347125 0.289301 -0.559681 -0.271678 2.32994 
0.144802 0.650816 0.625496 0.121679 -1.67844 -1.88352 -0.13499 0.345937 0.291945 -0.535041 -0.270421 2.30608 
0.143265 0.65138 0.625091 0.12314 -1.67821 -1.88134 -0.131165 0.344791 0.294536 -0.510197 -0.269292 2.28203 
0.141729 0.651944 0.624686 0.1246 -1.67799 -1.87917 -0.127329 0.343687 0.297071 -0.485167 -0.268295 2.25781 
0.140193 0.652509 0.624281 0.12606 -1.67777 -1.87699 -0.123482 0.342625 0.299552 -0.459972 -0.26743 2.23343 
0.138656 0.653073 0.623876 0.12752 -1.67754 -1.87481 -0.119625 0.341604 0.301979 -0.434633 -0.266698 2.20891 
0.13712 0.653637 0.62347 0.12898 -1.67732 -1.87263 -0.115758 0.340626 0.304351 -0.409171 -0.266102 2.18429 
0.135584 0.654201 0.623065 0.130441 -1.6771 -1.87046 -0.111882 0.33969 0.306668 -0.38361 -0.265642 2.15958 
0.134047 0.654766 0.62266 0.131901 -1.67687 -1.86828 -0.107995 0.338796 0.308931 -0.357973 -0.265319 2.13481 
0.132511 0.65533 0.622255 0.133361 -1.67665 -1.8661 -0.1041 0.337945 0.311139 -0.332284 -0.265133 2.10999 
0.130975 0.655894 0.62185 0.134821 -1.67643 -1.86392 -0.100195 0.337136 0.313293 -0.306567 -0.265086 2.08516 
0.129438 0.656459 0.621445 0.136282 -1.6762 -1.86175 -0.0962811 0.336369 0.315392 -0.280847 -0.265176 2.06034 
0.127902 0.657023 0.62104 0.137742 -1.67598 -1.85957 -0.0923588 0.335645 0.317436 -0.255147 -0.265405 2.03554 
0.126365 0.657587 0.620635 0.139202 -1.67576 -1.85739 -0.0884282 0.334963 0.319425 -0.229493 -0.265771 2.01081 
0.124829 0.658152 0.620229 0.140662 -1.67553 -1.85521 -0.0844894 0.334325 0.32136 -0.203908 -0.266275 1.98615 
0.123293 0.658716 0.619824 0.142122 -1.67531 -1.85304 -0.0805427 0.333729 0.32324 -0.178415 -0.266915 1.96159 
0.121756 0.65928 0.619419 0.143583 -1.67509 -1.85086 -0.0765884 0.333175 0.325065 -0.153039 -0.26769 1.93717 
0.12022 0.659844 0.619014 0.145043 -1.67486 -1.84868 -0.0726268 0.332665 0.326835 -0.127799 -0.2686 1.91288 
0.118684 0.660409 0.618609 0.146503 -1.67464 -1.84651 -0.0686581 0.332197 0.328551 -0.102719 -0.269643 1.88877 
0.117147 0.660973 0.618204 0.147963 -1.67442 -1.84433 -0.0646825 0.331773 0.330211 -0.077819 -0.270816 1.86485 
0.115611 0.661537 0.617799 0.149423 -1.6742 -1.84215 -0.0607003 0.331391 0.331817 -0.0531175 -0.272119 1.84113 
0.114075 0.662102 0.617394 0.150884 -1.67397 -1.83997 -0.0567119 0.331052 0.333367 -0.0286331 -0.27355 1.81765 
0.112538 0.662666 0.616988 0.152344 -1.67375 -1.8378 -0.0527174 0.330757 0.334863 -0.00438295 -0.275106 1.7944 
0.111002 0.66323 0.616583 0.153804 -1.67353 -1.83562 -0.0487172 0.330504 0.336304 0.0196172 -0.276785 1.77141 
0.109466 0.663795 0.616178 0.155264 -1.6733 -1.83344 -0.0447114 0.330295 0.337689 0.0433528 -0.278585 1.7487 
0.107929 0.664359 0.615773 0.156724 -1.67308 -1.83126 -0.0407004 0.330129 0.33902 0.0668107 -0.280504 1.72627 
0.106393 0.664923 0.615368 0.158185 -1.67286 -1.82909 -0.0366845 0.330006 0.340295 0.0899789 -0.282538 1.70414 
0.104857 0.665488 0.614963 0.159645 -1.67263 -1.82691 -0.032664 0.329926 0.341515 0.112847 -0.284684 1.68232 
0.10332 0.666052 0.614558 0.161105 -1.67241 -1.82473 -0.028639 0.329889 0.342681 0.135405 -0.286942 1.66082 
0.101784 0.666616 0.614153 0.162565 -1.67219 -1.82256 -0.02461 0.329895 0.343791 0.157646 -0.289306 1.63964 
0.100247 0.66718 0.613748 0.164025 -1.67196 -1.82038 -0.0205771 0.329945 0.344845 0.179563 -0.291775 1.61879 
0.0987111 0.667745 0.613342 0.165486 -1.67174 -1.8182 -0.0165407 0.330037 0.345845 0.20115 -0.294346 1.59828 
0.0971748 0.668309 0.612937 0.166946 -1.67152 -1.81602 -0.012501 0.330173 0.346789 0.222402 -0.297015 1.57812 
0.0956384 0.668873 0.612532 0.168406 -1.67129 -1.81385 -0.00845834 0.330352 0.347678 0.243317 -0.29978 1.55829 
0.0941021 0.669438 0.612127 0.169866 -1.67107 -1.81167 -0.00441301 0.330574 0.348512 0.263891 -0.302638 1.53882 
0.0925657 0.670002 0.611722 0.171326 -1.67085 -1.80949 -0.000365287 0.33084 0.34929 0.284124 -0.305586 1.51969 
0.0910294 0.670566 0.611317 0.172787 -1.67063 -1.80731 0.00368455 0.331148 0.350013 0.304015 -0.308621 1.50091 
0.089493 0.671131 0.610912 0.174247 -1.6704 -1.80514 0.0077362 0.331499 0.350681 0.323565 -0.311739 1.48248 
0.0879567 0.671695 0.610507 0.175707 -1.67018 -1.80296 0.0117894 0.331894 0.351293 0.342774 -0.314939 1.46439 
0.0864203 0.672259 0.610101 0.177167 -1.66996 -1.80078 0.0158438 0.332331 0.35185 0.361645 -0.318217 1.44665 
0.084884 0.672823 0.609696 0.178627 -1.66973 -1.7986 0.0198992 0.332812 0.352351 0.380179 -0.321571 1.42925 
0.0833476 0.673388 0.609291 0.180088 -1.66951 -1.79643 0.0239552 0.333335 0.352797 0.39838 -0.324997 1.41219 
0.0818113 0.673952 0.608886 0.181548 -1.66929 -1.79425 0.0280116 0.333901 0.353188 0.416252 -0.328494 1.39546 
0.0802749 0.674516 0.608481 0.183008 -1.66906 -1.79207 0.0320681 0.33451 0.353523 0.433798 -0.332057 1.37907 
0.0772022 0.675645 0.607671 0.185929 -1.66862 -1.78772 0.0401801 0.335855 0.354026 0.467932 -0.339376 1.34725 
0.0741295 0.676774 0.60686 0.188849 -1.66817 -1.78336 0.048289 0.337372 0.354308 0.500822 -0.346934 1.31669 
0.0710568 0.677902 0.60605 0.191769 -1.66772 -1.77901 0.0563923 0.339057 0.354367 0.532511 -0.354712 1.28735 
0.0679841 0.679031 0.60524 0.19469 -1.66728 -1.77465 0.0644878 0.340912 0.354204 0.563045 -0.362691 1.25917 
0.0649114 0.680159 0.60443 0.19761 -1.66683 -1.7703 0.0725733 0.342935 0.353819 0.592473 -0.370855 1.23212 
0.0618387 0.681288 0.60362 0.200531 -1.66639 -1.76595 0.0806463 0.345126 0.353211 0.620844 -0.379186 1.20613 
0.058766 0.682417 0.602809 0.203451 -1.66594 -1.76159 0.0887046 0.347483 0.352381 0.648207 -0.387671 1.18115 
0.0556933 0.683545 0.601999 0.206371 -1.66549 -1.75724 0.096746 0.350006 0.351328 0.674612 -0.396295 1.15714 
0.0526206 0.684674 0.601189 0.209292 -1.66505 -1.75288 0.104768 0.352693 0.350053 0.700106 -0.405044 1.13405 
0.0495479 0.685802 0.600379 0.212212 -1.6646 -1.74853 0.112769 0.355544 0.348556 0.724737 -0.413906 1.11182 
0.0464752 0.686931 0.599568 0.215133 -1.66415 -1.74417 0.120746 0.358558 0.346836 0.748548 -0.42287 1.0904 
0.0434025 0.68806 0.598758 0.218053 -1.66371 -1.73982 0.128698 0.361732 0.344894 0.771585 -0.431924 1.06977 
0.0403298 0.689188 0.597948 0.220973 -1.66326 -1.73546 0.136622 0.365067 0.34273 0.793887 -0.441058 1.04986 
0.0372571 0.690317 0.597138 0.223894 -1.66282 -1.73111 0.144516 0.368561 0.340344 0.815497 -0.450264 1.03064 
0.0341844 0.691446 0.596327 0.226814 -1.66237 -1.72675 0.152377 0.372211 0.337735 0.83645 -0.459531 1.01206 
0.0311116 0.692574 0.595517 0.229735 -1.66192 -1.7224 0.160205 0.376018 0.334904 0.856784 -0.468852 0.994097 
0.0280389 0.693703 0.594707 0.232655 -1.66148 -1.71804 0.167997 0.37998 0.331852 0.876531 -0.47822 0.976704 
0.0249662 0.694831 0.593897 0.235576 -1.66103 -1.71369 0.175752 0.384095 0.328578 0.895725 -0.487627 0.959851 
0.0218935 0.69596 0.593086 0.238496 -1.66058 -1.70933 0.183466 0.388361 0.325082 0.914395 -0.497067 0.943503 
0.0188208 0.697089 0.592276 0.241416 -1.66014 -1.70498 0.191139 0.392778 0.321365 0.932571 -0.506533 0.927631 
0.0157481 0.698217 0.591466 0.244337 -1.65969 -1.70063 0.198769 0.397344 0.317426 0.950278 -0.516021 0.912205 
0.0126754 0.699346 0.590656 0.247257 -1.65925 -1.69627 0.206353 0.402058 0.313266 0.967542 -0.525524 0.897197 
0.00960272 0.700474 0.589845 0.250178 -1.6588 -1.69192 0.213891 0.406917 0.308884 0.984388 -0.535039 0.882581 
0.00653001 0.701603 0.589035 0.253098 -1.65835 -1.68756 0.221381 0.41192 0.304282 1.00084 -0.54456 0.868333 
0.00345731 0.702732 0.588225 0.256018 -1.65791 -1.68321 0.228821 0.417066 0.299459 1.01691 -0.554083 0.854429 
0.000384605 0.70386 0.587415 0.258939 -1.65746 -1.67885 0.236209 0.422354 0.294414 1.03263 -0.563606 0.840847 
-0.0026881 0.704989 0.586604 0.261859 -1.65701 -1.6745 0.243544 0.427781 0.289149 1.04801 -0.573124 0.827567 
-0.0057608 0.706117 0.585794 0.26478 -1.65657 -1.67014 0.250825 0.433347 0.283663 1.06307 -0.582634 0.814568 
-0.00883351 0.707246 0.584984 0.2677 -1.65612 -1.66579 0.258051 0.439049 0.277957 1.07782 -0.592134 0.801832 
-0.0149789 0.709503 0.583364 0.273541 -1.65523 -1.65708 0.27233 0.450858 0.265881 1.10648 -0.611092 0.777078 
-0.0211243 0.71176 0.581743 0.279382 -1.65434 -1.64837 0.286372 0.463196 0.252922 1.13409 -0.629981 0.753177 
-0.0272697 0.714018 0.580123 0.285223 -1.65344 -1.63966 0.300168 0.476054 0.239079 1.16074 -0.648786 0.730011 
-0.0334151 0.716275 0.578502 0.291063 -1.65255 -1.63095 0.31371 0.48942 0.224351 1.18654 -0.667497 0.707474 
-0.0395605 0.718532 0.576882 0.296904 -1.65166 -1.62224 0.326991 0.503285 0.208735 1.21154 -0.686106 0.685473 
-0.045706 0.720789 0.575261 0.302745 -1.65077 -1.61353 0.340006 0.51764 0.192228 1.23581 -0.704608 0.663922 
-0.0518514 0.723047 0.573641 0.308586 -1.64987 -1.60482 0.352749 0.532479 0.174825 1.25942 -0.723002 0.642743 
-0.0579968 0.725304 0.57202 0.314427 -1.64898 -1.59611 0.365216 0.547794 0.15652 1.2824 -0.741286 0.621867 
-0.0641422 0.727561 0.5704 0.320267 -1.64809 -1.58741 0.377403 0.563581 0.137307 1.30481 -0.759463 0.601228 
-0.0702876 0.729818 0.568779 0.326108 -1.6472 -1.5787 0.389307 0.579836 0.117177 1.32667 -0.777537 0.580767 
-0.076433 0.732075 0.567159 0.331949 -1.6463 -1.56999 0.400927 0.596558 0.0961169 1.34803 -0.795513 0.560431 
-0.0825784 0.734333 0.565538 0.33779 -1.64541 -1.56128 0.412261 0.613746 0.0741151 1.36892 -0.813397 0.540168 
-0.0887238 0.73659 0.563918 0.343631 -1.64452 -1.55257 0.423308 0.631402 0.0511549 1.38935 -0.831198 0.519931 
-0.0948692 0.738847 0.562297 0.349472 -1.64363 -1.54386 0.434068 0.649531 0.0272174 1.40935 -0.848926 0.499676 
-0.101015 0.741104 0.560677 0.355312 -1.64273 -1.53515 0.444542 0.668138 0.00227984 1.42894 -0.866591 0.479359 
-0.10716 0.743362 0.559056 0.361153 -1.64184 -1.52644 0.454731 0.687234 -0.0236842 1.44813 -0.884206 0.458939 
-0.113305 0.745619 0.557436 0.366994 -1.64095 -1.51773 0.464635 0.706829 -0.0507058 1.46694 -0.901783 0.438377 
-0.116378 0.746747 0.556626 0.369915 -1.6405 -1.51338 0.469482 0.716819 -0.0646244 1.47621 -0.910561 0.42803 
-0.119451 0.747876 0.555815 0.372835 -1.64006 -1.50902 0.474258 0.72694 -0.0788216 1.48539 -0.919336 0.417631 
-0.122524 0.749005 0.555005 0.375755 -1.63961 -1.50467 0.478964 0.737195 -0.0933029 1.49448 -0.928108 0.407177 
-0.125596 0.750133 0.554195 0.378676 -1.63916 -1.50031 0.483601 0.747586 -0.108074 1.50348 -0.93688 0.396662 
